# Created by Octave 5.2.0, Sat Jul 11 21:14:11 2020 EDT <HomeFolder@Davids-MacBook-Pro-2.local>
# name: testrps
# type: matrix
# rows: 9
# columns: 1271
 199 205 208 215 217 212 211 220 223 225 226 226 226 227 228 229 229 229 227 225 225 226 224 59 117 65 172 168 157 149 135 204 203 204 210 216 216 217 193 224 224 210 214 227 227 229 231 231 231 230 228 225 226 187 51 15 91 57 172 169 165 155 35 196 204 209 214 219 215 222 211 218 223 217 227 219 111 168 157 87 51 61 45 97 52 47 103 111 94 52 168 178 138 51 202 204 210 217 194 75 81 82 132 213 133 121 88 5 12 12 11 14 19 17 19 21 28 113 211 206 194 90 54 39 70 36 42 53 98 78 1 1 4 3 4 5 14 9 34 40 43 42 42 35 57 145 170 145 168 181 165 88 82 82 85 19 14 1 12 11 21 35 35 37 44 39 40 95 163 175 123 37 52 74 62 50 11 12 151 174 136 139 139 128 120 118 121 123 123 50 114 171 174 86 21 32 80 113 16 4 9 68 47 30 49 74 126 8 13 31 179 162 141 134 137 133 135 133 4 124 48 60 86 2 30 117 40 65 25 91 1 2 86 24 66 65 144 11 8 19 77 172 186 141 136 143 140 143 164 36 13 21 102 1 27 131 46 122 26 5 2 12 169 10 44 59 76 9 159 24 31 65 155 193 154 147 145 156 138 55 58 6 11 109 53 2 16 75 115 74 5 3 18 45 161 21 75 85 184 188 41 42 157 57 198 196 149 148 145 143 54 60 4 113 48 4 2 0 149 80 62 5 7 8 16 148 53 55 37 91 104 169 179 200 202 202 200 153 151 150 142 64 80 13 56 111 3 47 3 4 5 28 83 150 175 195 196 187 197 198 199 200 201 202 203 204 205 205 204 152 153 157 16 8 85 117 148 168 178 175 156 167 169 172 175 178 178 181 181 199 205 203 204 205 207 208 208 209 208 209 165 164 162 167 169 171 174 176 179 183 163 166 169 174 176 179 181 185 187 187 194 207 207 207 209 210 211 211 211 211 210 211 167 167 167 169 171 174 176 181 182 165 169 173 175 178 181 186 186 190 191 161 210 210 210 211 212 213 214 214 213 213 212 154 163 168 170 172 175 178 180 183 168 169 173 177 181 129 148 159 160 196 198 213 213 213 213 214 214 215 215 215 214 215 219 167 169 171 174 176 179 182 171 168 172 176 180 138 169 152 152 158 160 169 168 221 214 215 214 215 216 216 216 216 207 141 143 170 170 173 175 180 184 171 170 176 178 176 144 183 141 149 146 151 157 167 172 167 184 168 151 116 136 159 176 113 145 150 170 172 174 178 182 185 190 193 195 199 119 136 184 61 123 80 123 127 136 127 156 154 161 202 209 212 215 214 205 140 141 177 149 107 105 129 98 31 128 161 107 132 147 147 142 103 85 76 80 131 145 149 142 164 211 215 214 212 215 217 106 137 104 113 122 119 218 217 212 211 167 112 142 156 163 162 170 137 125 116 129 133 128 148 215 212 209 214 213 212 212 219 134 152 159 151 145 216 212 212 214 107 119 119 124 152 166 161 167 176 173 167 164 152 136 163 209 211 212 210 211 214 211 139 154 157 145 153 211 211 210 209 105 107 102 129 153 151 153 171 175 171 170 171 164 155 166 211 207 209 212 209 210 210 213 159 165 151 150 215 207 211 97 95 103 106 128 145 154 151 158 178 159 158 156 153 155 156 211 208 207 210 205 209 212 211 161 159 146 140 212 207 208 98 98 107 105 124 138 138 143 154 152 158 144 142 128 149 140 210 204 207 207 210 208 208 212 163 149 148 140 209 205 213 107 99 100 102 111 126 139 141 152 120 135 125 87 121 141 135 208 208 203 205 205 207 208 209 157 154 148 149 213 207 100 94 101 102 107 112 122 135 146 149 46 64 67 77 114 149 133 205 203 207 203 204 206 210 209 159 159 155 155 215 104 99 99 99 103 113 115 127 138 154 148 57 101 105 116 93 117 138 208 204 205 204 204 205 197 203 150 149 160 158 113 110 101 98 101 92 109 116 127 136 155 148 103 61 105 128 195 135 211 203 204 204 203 198 204 205 203 149 159 164 113 117 117 102 99 99 103 108 113 125 139 149 115 141 174 131 186 193 198 201 201 203 201 202 196 201 195 199 160 147 108 118 111 119 101 98 101 107 112 114 123 137 150 129 159 170 170 184 196 197 198 203 204 201 204 202 202 203 204 160 113 125 126 116 119 114 107 105 106 111 119 136 150 132 154 162 169 170 185 194 196 199 200 195 198 196 197 193 194 195 118 122 127 127 124 124 120 109 117 113 118 120 138 147 147 157 163 170 168 185 191 196 196 199 201 202 195 199 201 203 203 127 127 126 127 125 124 114 115 119 110 115 120 138 147 150 159 166 173 172 184 190 196 196 196 198 199 199 195 203 202 200 128 126 132 127 118 122 120 131 121 127 125 123 148 154 155 169 170 171 172 182 190 198 200 192 199 200 198 197 203 202 197 129 126 123 122 116 124 118 120 123 130 137 140 151 163 161 171 172 172 178 186 193 197 199 199 200 200 197 196 193 197 197 124 126 111 114 111 115 118 122 130 137 138 150 156 167 171 174 177 179 183 188 190 195 199 195 192 199 199 201 192 199 199 118 117 114 108 113 117 122 132 147 147 152 157 166 170 175 176 178 184 181 184 177 194 198 188 199 197 198 199 199 199 199 113 114 108 104 110 122 122 136 148 156 160 155 170 174 178 180 173 181 179 178 189 188 194 196 195 199 197 196 198 197 196 114 110 107 113 118 125 124 142 165 167 166 172 173 182 185 174 180 185 191 190 190 192 189 194 195 194 197 192 192 191 198 109 107 112 115 122 106 140 160 174 172 175 178 172 176 186 186 188 185 183 190 188 191 195 182 197 188 194 194 187 197 194
