# Created by Octave 5.2.0, Thu Jul 09 13:16:59 2020 EDT <HomeFolder@Davids-MacBook-Pro-2.local>
# name: testGlassDlu
# type: matrix
# rows: 2
# columns: 6510
 228 226 150 132 197 196 195 197 197 201 197 202 194 190 197 200 196 196 201 194 196 192 195 196 197 192 195 196 197 196 193 200 194 200 197 195 198 194 190 200 195 190 195 194 193 194 195 194 185 188 188 193 190 199 196 194 190 191 190 185 190 187 191 191 191 189 185 187 194 187 229 226 156 135 194 196 196 201 197 197 197 196 193 197 199 193 207 199 194 196 199 198 197 197 198 197 192 201 193 197 193 197 195 196 195 196 196 194 191 194 189 197 195 191 199 198 193 188 188 195 193 190 189 192 192 189 190 195 188 190 189 190 191 189 185 188 190 192 182 185 227 229 145 143 195 192 199 198 193 194 199 198 196 202 197 199 197 199 195 200 198 198 196 196 202 195 200 191 193 196 195 196 197 191 196 194 196 195 202 195 197 189 191 196 194 192 199 195 194 193 194 193 194 193 188 193 192 187 192 191 190 190 191 193 194 192 189 191 189 188 231 231 154 131 201 199 202 197 201 198 201 203 197 203 197 199 196 202 195 200 202 201 198 199 193 201 198 194 191 200 195 197 198 191 197 199 193 195 198 195 194 191 198 195 185 191 195 197 197 191 193 191 195 195 193 194 190 191 188 187 194 189 193 181 190 188 189 187 186 190 228 233 166 136 197 200 195 200 199 197 196 201 203 196 200 197 200 201 200 202 198 199 193 195 203 195 198 199 197 200 192 196 199 195 197 193 194 194 201 196 196 194 188 190 193 196 192 192 197 199 196 187 191 193 192 194 193 191 188 185 191 191 192 190 188 192 188 192 194 194 231 236 155 126 196 197 199 201 199 199 198 205 204 195 197 201 200 199 204 201 199 197 200 200 197 196 194 198 196 197 198 198 197 193 200 197 202 187 198 196 195 194 194 195 197 193 191 192 194 197 191 197 194 195 192 192 199 189 195 191 187 190 186 196 189 182 190 186 189 185 234 235 155 133 194 201 196 198 200 200 203 195 200 195 195 198 200 204 197 200 200 197 199 203 205 199 197 194 192 195 201 196 198 192 197 198 193 196 196 199 198 191 196 193 195 195 193 198 192 192 195 195 192 190 194 196 191 196 191 187 195 189 191 192 191 193 191 188 191 194 237 232 148 118 200 197 201 200 196 200 202 196 201 201 205 197 201 199 200 200 200 199 200 197 199 202 192 191 193 195 197 196 198 197 196 194 196 197 200 188 195 195 197 191 195 194 191 198 192 188 196 193 188 192 194 194 193 188 191 191 189 193 189 193 193 187 188 193 191 188 235 237 144 134 195 200 200 197 202 199 197 199 199 200 197 205 201 196 201 197 203 203 198 205 194 199 198 197 197 201 199 198 199 196 202 192 195 196 195 195 194 193 198 192 196 196 195 193 194 191 192 188 195 196 195 194 194 185 196 192 190 189 191 191 186 186 193 190 195 192 239 241 161 138 197 196 199 203 197 199 205 198 200 193 198 202 200 199 200 203 197 201 195 198 196 195 200 197 192 197 199 190 199 203 197 198 199 199 197 197 192 194 202 196 197 193 191 194 193 189 194 194 196 190 193 192 192 195 191 192 188 190 190 194 182 192 193 192 196 193 239 236 155 133 198 203 203 205 193 202 201 198 203 202 195 200 195 201 201 205 202 197 198 199 201 201 197 198 203 197 198 203 190 198 195 200 197 196 196 195 197 195 194 198 190 194 195 189 196 193 197 195 190 196 195 193 191 193 185 191 193 189 194 191 196 190 190 195 193 192 239 240 159 135 197 199 202 191 199 197 200 197 200 197 198 201 204 203 198 200 197 201 196 198 193 200 199 191 193 198 199 195 201 197 199 198 195 196 191 196 202 200 194 192 198 192 186 193 190 199 192 194 194 197 196 195 196 193 192 193 194 198 196 193 191 191 194 192 193 184 240 241 153 143 196 199 199 206 199 198 200 201 204 204 202 200 195 196 197 201 199 194 204 202 199 199 203 198 197 194 200 193 195 195 195 198 196 198 189 198 193 196 191 199 195 197 196 192 191 189 198 194 193 190 188 190 192 194 192 190 197 189 191 189 184 192 188 193 189 187 239 240 152 133 198 199 195 199 202 198 203 201 199 204 203 198 198 203 197 199 199 198 198 199 199 200 198 197 199 199 194 196 199 198 194 195 195 200 197 196 192 195 186 196 195 196 190 192 183 198 197 190 194 198 195 200 197 194 187 195 194 191 193 190 186 192 189 196 190 192 240 240 157 138 203 201 198 195 205 205 204 199 204 202 207 202 199 204 204 199 201 202 201 204 202 200 200 197 200 195 199 196 196 194 198 194 194 193 194 198 199 195 195 189 197 193 194 195 193 193 192 192 191 191 197 197 191 194 190 197 196 192 195 192 198 198 193 194 191 190 240 241 157 132 202 198 203 201 203 197 202 203 203 199 199 196 201 202 202 206 208 203 196 200 194 193 194 203 195 193 200 200 193 199 192 201 203 196 198 193 195 196 193 187 193 196 197 199 193 192 197 199 195 192 192 193 194 198 196 192 191 196 194 195 196 192 188 192 195 194 241 243 153 134 201 197 197 201 202 194 202 202 195 199 199 199 206 203 201 198 198 199 203 199 197 194 193 199 197 197 193 192 198 194 197 196 199 197 194 198 194 196 195 195 200 195 190 192 192 188 196 195 199 192 194 196 190 194 192 191 192 193 196 190 191 192 193 194 195 196 238 238 154 128 204 199 204 200 198 202 199 203 204 207 203 195 200 197 202 202 201 199 198 197 197 196 196 194 197 190 196 197 196 194 191 200 191 189 194 193 195 197 196 193 198 195 197 196 195 200 195 200 194 195 197 197 189 195 194 191 195 189 193 195 190 194 199 191 193 192 239 238 151 135 196 199 208 200 202 199 196 203 203 202 201 199 203 198 206 203 199 192 205 197 205 195 202 197 202 191 200 199 194 192 196 198 191 195 198 192 192 197 201 197 198 195 197 194 191 197 196 193 192 195 193 193 192 194 191 196 193 196 196 192 191 193 200 193 194 193 235 240 140 134 200 199 204 199 201 199 198 201 200 198 203 203 202 201 203 201 200 197 197 197 201 199 199 198 197 198 196 195 194 201 202 194 195 194 194 199 195 193 196 195 196 191 192 197 194 192 199 194 195 190 191 191 195 191 189 196 191 188 198 195 196 196 195 194 194 190 237 233 146 137 202 197 202 201 198 207 200 203 203 196 200 200 205 200 200 205 202 196 199 200 202 196 200 199 200 195 196 191 196 195 190 197 194 192 190 195 190 189 197 187 199 193 192 206 193 197 197 195 193 194 193 197 192 192 197 198 192 187 194 194 196 197 189 195 196 199 239 235 145 130 202 198 202 206 202 206 202 200 203 193 200 204 204 199 204 205 201 198 203 201 201 200 194 196 199 197 199 194 194 195 200 194 197 194 199 197 194 193 199 193 197 198 187 192 192 193 200 195 196 196 198 193 196 191 194 191 190 201 193 192 193 194 191 195 195 196 235 236 151 133 198 199 200 206 201 200 200 205 195 204 199 203 201 200 202 200 202 203 201 200 196 200 197 194 197 197 191 194 197 200 205 192 191 194 191 196 197 192 193 192 190 191 191 194 193 193 195 192 188 192 191 195 198 193 196 196 193 195 193 195 187 197 197 193 201 197 236 234 149 129 203 199 199 200 204 192 201 199 200 199 198 201 202 201 197 200 201 198 198 199 203 195 202 200 195 198 194 204 200 196 193 192 193 193 201 196 192 197 193 195 195 195 195 197 193 191 200 197 189 189 195 189 191 192 195 192 194 195 194 199 191 193 191 195 189 196 236 227 155 129 201 201 201 198 200 205 203 200 201 203 201 201 199 202 199 199 200 200 200 202 196 199 201 194 195 194 191 195 196 192 194 194 196 191 196 195 193 190 191 193 194 193 196 196 193 195 191 195 195 189 194 193 190 192 195 197 194 189 194 197 191 199 196 192 194 195 232 226 141 134 199 202 200 198 201 198 199 196 206 201 199 203 204 203 195 199 204 191 199 200 195 200 191 190 197 197 196 197 187 195 196 191 193 192 193 198 200 188 195 193 197 194 191 189 197 198 191 197 192 194 191 194 194 192 191 200 192 193 193 195 201 193 191 192 191 192 238 233 156 128 203 200 194 202 201 199 201 204 197 199 203 205 204 202 198 203 196 195 198 194 203 199 197 193 195 188 197 193 197 192 189 191 196 188 183 191 187 193 190 190 192 191 192 200 194 196 197 196 193 192 195 195 191 195 194 196 192 194 191 199 190 190 193 196 196 194 232 232 151 138 195 198 204 197 197 198 201 207 197 194 200 202 196 199 197 195 202 191 197 193 189 198 191 192 197 199 191 193 189 186 189 187 196 189 188 189 187 193 194 194 188 189 185 192 195 195 191 189 196 188 195 201 191 187 193 189 196 197 193 194 197 189 192 192 193 201 