# Created by Octave 5.2.0, Sat Jul 11 22:50:43 2020 EDT <HomeFolder@Davids-MacBook-Pro-2.local>
# name: theta
# type: matrix
# rows: 1272
# columns: 3
 0.0054597505759290815 -0.013301774637220489 -0.021141819180765534
 0.00013788832422344954 -0.0023494724219660589 -0.0024594685964960524
 0.004683216434544407 -0.0050688140407550682 -0.00057869440559536755
 -0.002687920116056335 0.0013985736008523097 -0.0004806609519044447
 -0.00063892768410034784 -0.0083952982110258954 0.009475602260673793
 0.0019462746713727686 -0.0057880513596149799 0.0020930019639160331
 0.0049709242042153823 -0.0075994616777450312 -0.00073603714637480381
 -0.0011928926084848301 -0.003372526726298408 -0.0052420558898697974
 0.0095004030969734962 -0.0044920510814435302 -0.011932795617103273
 0.0026450003045150102 -0.00030146278782011926 -0.0082508976935120257
 0.0028189140216524165 -0.0083371703531062834 -0.0031417633952753338
 0.00031997949392880494 -0.0009525390588115256 -0.0053790696684950503
 -0.0091291645816886889 0.012105151003362352 -0.0058849103805345146
 0.0024366502847944392 -0.0047923446497271181 -0.0042446358639002786
 0.0054225445667443802 -0.004738668578809559 -0.0062496224941768624
 0.0024820765307128007 -0.008270391590618327 0.001276082134181303
 0.00647072620236283 -0.0036441372492642277 -0.0032171936853988511
 0.0032628720247582501 -0.0046555742636440085 -0.00056937529709661803
 0.0030702599911082524 -0.00084794258169656642 -0.0013321697476589849
 -0.0085235556259621349 0.0070086260525255703 -0.0045768204872309436
 -0.00055387002046806575 -0.0068894863287389816 -0.00086657294869725153
 0.0034453055039466067 -0.0033878443605366518 -0.0049942958589050809
 0.00054501210473801545 -0.0049098159745397923 0.0014686244495339101
 0.00027715182638783122 -0.0045427586973703377 -0.0013812724439895175
 0.0057543224706426152 -0.012681104814284474 0.0025582715867601517
 -0.0041700521825719199 -0.0018639125312261298 0.0067185210096211241
 -0.0011576553558594665 -0.0089944626682289357 0.011016055697003809
 -0.00022297559653099226 -0.010822412645177892 0.011765958870251572
 0.0067353339760943074 0.0010449643373541019 -0.013400180074949069
 0.0053909625219853039 -0.0029059812309391235 -0.0041844824698435883
 0.0014642771225382865 -0.0078287319655261471 0.0030361680193408706
 0.0021304129088683863 -0.0013725877282955382 -0.007924718220026444
 -0.0074367311916131119 -0.00087004291708064321 0.0030760463660376102
 -0.0053784163774819585 0.00072043707457122635 -0.0022619335543297239
 -0.00057943099326155777 -0.0001061442449258079 -0.0031858730522182875
 -0.0003782950585232171 -0.0083001065532982803 0.0064713846917513248
 -0.0018801935098657846 -0.0043069479448642235 0.004124558819497184
 -0.0047611986353002103 0.00085009650383831368 0.00097008775962912307
 -0.010345641589362142 0.012060508238192161 -0.00261577942968543
 -0.0039934905764513759 0.00022497649639591802 0.0017941599827815608
 -0.007556707603021664 0.0037323282496324402 0.0026273996494371238
 0.005060936212958317 -0.0022453266844054583 -0.0042348983447792277
 -0.00053439036602306097 0.0026198702541371729 -0.0033834451997008948
 0.0049869371561953365 -0.0040911780203571994 0.0029119693560255063
 -0.00451843116124254 0.0032386112990239993 0.0001353012482535483
 -0.00013295384530369824 -0.0065886091180919395 0.0038858304288230589
 0.003391985780189653 -0.0084984548119104511 0.0033753205651763435
 -0.0037513927913450352 0.00083758532088778006 0.0031867824278966283
 0.0039429216681094214 -0.0020794526343903903 -0.001601917292184138
 0.0009709476761006041 -0.0026288935721735561 0.00064918317312011027
 -0.005163763333359871 -0.0022057414851427005 0.0041838828256119572
 -0.0030597954763964849 -0.0046048193582794187 0.0040487567845240886
 -0.0051939969150327251 -0.00048491643045621993 0.0056349736448579298
 -0.0094812751660295035 0.00021515930190112929 0.0091090289238378655
 -0.0050588623769223934 0.00018400574577735388 0.0046565997942958504
 -0.002242789199838776 -0.0020896838205992142 0.0054936850130261573
 -0.005688979527286659 -0.00063478132425484688 0.0055487490379418514
 -0.0017672232062752899 -0.0024527546282674425 -0.0013474695690700908
 -0.0032027578615329015 -0.0041913275690807885 0.004406459149733105
 -9.4841127972029751e-05 -0.00081393985541045272 -0.0019595978819193956
 -0.0025638603434756761 0.00075500284031055373 -0.00040796746728108651
 -0.00084961573705619317 -0.00862004046125028 0.0020236765022744289
 0.0073041523186387989 -0.0055098322344252571 -0.0077922547359483788
 -0.0044627154785405743 -0.003176608656468358 0.0032821858041765951
 -0.00207508563062024 -0.0023782741635674487 -0.00096764978828973005
 0.0031255878543766848 -0.0059464627695687841 0.0010129911879607546
 0.0018124732199621151 -0.0040766236591255143 0.0026320747608889932
 0.0040146234258950086 -0.0078992077090468561 0.002028159142879312
 0.0030627421260199725 0.00244218364075944 -0.0059645259491661684
 0.0052825377918942189 0.0071825742525073958 -0.011639857139660283
 -0.0070379521817777605 0.0054144396756461112 0.0038422394775818199
 -0.001438217399942626 0.0013517015075551221 -0.00070741532114891635
 -0.0043487067003935139 -0.00046652099922447503 0.0037238791252271024
 -2.628818914924644e-05 0.00059959065584984719 0.00018389213707646865
 -0.0058667354174986881 0.0070455524634197445 0.0013109092485213477
 -0.0047364884532245279 0.0033140923540801834 0.0039204356541556575
 0.0040588841362281082 -0.0069222419653036322 0.0044184503397516192
 0.0043603660461676149 -0.0037607250374983342 0.0039747176071638132
 -0.0058294062919204458 0.0060325193029324891 -0.00085291303417329837
 0.0083870494040168067 -0.004549851992097809 -0.00066503517725912406
 -0.00076563589922565831 0.00018583754634379866 0.001658034051377925
 -0.0062999169492275568 0.0017442083176790427 -0.00062030169933053984
 -0.0087954164323139385 0.0034897279872277641 0.0039198819152824046
 -0.0052801526564337431 0.00059600012455661975 0.0093952886285430526
 -0.0024358609897661065 0.00014513902077216239 0.0061852923411399316
 0.0016375780504516611 0.0067703376219083317 -0.006181683608452988
 0.0010189615546017554 0.014021817023467021 -0.0099715952048298456
 -0.0011501427391419647 0.00094398400374249539 0.0037008094716413638
 0.0028911397013806832 -0.0059003725240367785 -0.0022978268180784463
 -0.00042825301844704903 -0.0041519156256399278 -0.0028642366246107711
 0.0091183003332795682 -0.0061194949821555978 0.0012588952225413349
 0.00322623513382574 -0.001208311572973195 -0.0017468336641227027
 0.00099306738138665992 -0.0092111656312223889 0.0066409383780355333
 0.0012175740383127717 -0.0033196160356012473 0.00042889745977541877
 -0.011429873640031235 0.007517865116834381 0.00083158142461808643
 -0.0029058983087779993 0.0061503355252535809 -0.003570700412961883
 0.00070860711110629841 -0.0023165345730354931 0.00023844096819989496
 -0.002404385885006472 -0.0050690724609847573 0.0072200473221906971
 -0.0061194416065883696 -0.00011628616408223779 0.0078498458383916402
 0.00091694717286520987 0.0026346903872737624 0.00064486111345195458
 -0.0024267274885294522 0.0058463402540688209 -0.0023090619191477291
 -0.0045969672558024309 0.0014808800904702593 0.0021568703711897287
 0.006006483428338553 0.001272363742327735 -0.0065558806624917048
 0.0060484814612624125 -0.0041455305672970302 -0.0012280335163334882
 -6.0443849815127648e-05 0.00066254278694823966 0.0051902791845643724
 -0.001881107924365185 0.0053694850929752068 -0.001054465913264468
 0.00070485574618600003 -0.0014873190362524012 0.00011860273829194664
 0.0044894793352121508 -0.0070516371697044063 0.0034128569898764787
 0.0032054896692298028 0.0043500613174538788 -0.0055405447820842712
 0.00024250080512699257 0.0014520014794659011 -0.002349795347656297
 0.0019161972825459631 -0.0046181369576752136 -0.00073530416575708145
 0.002125799072551302 0.00027226519624610102 -0.0019925650607177429
 -0.0045318737296064825 -0.00093891209015974249 0.002809546291951708
 -0.012998412485444652 -0.002203858570422353 0.01070576460316152
