# Created by Octave 5.2.0, Sat Jul 11 11:25:23 2020 EDT <HomeFolder@Davids-MacBook-Pro-2.local>
# name: y
# type: matrix
# rows: 495
# columns: 3
 1 0 0
 1 0 0
 1 0 0
 0 1 0
 0 1 0
 0 1 0
 0 0 1
 0 0 1
 0 0 1
 1 0 0
 1 0 0
 1 0 0
 0 1 0
 0 1 0
 0 1 0
 0 0 1
 0 0 1
 0 0 1
 1 0 0
 1 0 0
 1 0 0
 0 1 0
 0 1 0
 0 1 0
 0 0 1
 0 0 1
 0 0 1
 1 0 0
 1 0 0
 1 0 0
 0 1 0
 0 1 0
 0 1 0
 0 0 1
 0 0 1
 0 0 1
 1 0 0
 1 0 0
 1 0 0
 0 1 0
 0 1 0
 0 1 0
 0 0 1
 0 0 1
 0 0 1
 1 0 0
 1 0 0
 1 0 0
 0 1 0
 0 1 0
 0 1 0
 0 0 1
 0 0 1
 0 0 1
 1 0 0
 1 0 0
 1 0 0
 0 1 0
 0 1 0
 0 1 0
 0 0 1
 0 0 1
 0 0 1
 1 0 0
 1 0 0
 1 0 0
 0 1 0
 0 1 0
 0 1 0
 0 0 1
 0 0 1
 0 0 1
 1 0 0
 1 0 0
 1 0 0
 0 1 0
 0 1 0
 0 1 0
 0 0 1
 0 0 1
 0 0 1
 1 0 0
 1 0 0
 1 0 0
 0 1 0
 0 1 0
 0 1 0
 0 0 1
 0 0 1
 0 0 1
 1 0 0
 1 0 0
 1 0 0
 0 1 0
 0 1 0
 0 1 0
 0 0 1
 0 0 1
 0 0 1
 1 0 0
 1 0 0
 1 0 0
 0 1 0
 0 1 0
 0 1 0
 0 0 1
 0 0 1
 0 0 1
 1 0 0
 1 0 0
 1 0 0
 0 1 0
 0 1 0
 0 1 0
 0 0 1
 0 0 1
 0 0 1
 1 0 0
 1 0 0
 1 0 0
 0 1 0
 0 1 0
 0 1 0
 0 0 1
 0 0 1
 0 0 1
 1 0 0
 1 0 0
 1 0 0
 0 1 0
 0 1 0
 0 1 0
 0 0 1
 0 0 1
 0 0 1
 1 0 0
 1 0 0
 1 0 0
 0 1 0
 0 1 0
 0 1 0
 0 0 1
 0 0 1
 0 0 1
 1 0 0
 1 0 0
 1 0 0
 0 1 0
 0 1 0
 0 1 0
 0 0 1
 0 0 1
 0 0 1
 1 0 0
 1 0 0
 1 0 0
 0 1 0
 0 1 0
 0 1 0
 0 0 1
 0 0 1
 0 0 1
 1 0 0
 1 0 0
 1 0 0
 0 1 0
 0 1 0
 0 1 0
 0 0 1
 0 0 1
 0 0 1
 1 0 0
 1 0 0
 1 0 0
 0 1 0
 0 1 0
 0 1 0
 0 0 1
 0 0 1
 0 0 1
 1 0 0
 1 0 0
 1 0 0
 0 1 0
 0 1 0
 0 1 0
 0 0 1
 0 0 1
 0 0 1
 1 0 0
 1 0 0
 1 0 0
 0 1 0
 0 1 0
 0 1 0
 0 0 1
 0 0 1
 0 0 1
 1 0 0
 1 0 0
 1 0 0
 0 1 0
 0 1 0
 0 1 0
 0 0 1
 0 0 1
 0 0 1
 1 0 0
 1 0 0
 1 0 0
 0 1 0
 0 1 0
 0 1 0
 0 0 1
 0 0 1
 0 0 1
 1 0 0
 1 0 0
 1 0 0
 0 1 0
 0 1 0
 0 1 0
 0 0 1
 0 0 1
 0 0 1
 1 0 0
 1 0 0
 1 0 0
 0 1 0
 0 1 0
 0 1 0
 0 0 1
 0 0 1
 0 0 1
 1 0 0
 1 0 0
 1 0 0
 0 1 0
 0 1 0
 0 1 0
 0 0 1
 0 0 1
 0 0 1
 1 0 0
 1 0 0
 1 0 0
 0 1 0
 0 1 0
 0 1 0
 0 0 1
 0 0 1
 0 0 1
 1 0 0
 1 0 0
 1 0 0
 0 1 0
 0 1 0
 0 1 0
 0 0 1
 0 0 1
 0 0 1
 1 0 0
 1 0 0
 1 0 0
 0 1 0
 0 1 0
 0 1 0
 0 0 1
 0 0 1
 0 0 1
 1 0 0
 1 0 0
 1 0 0
 0 1 0
 0 1 0
 0 1 0
 0 0 1
 0 0 1
 0 0 1
 1 0 0
 1 0 0
 1 0 0
 0 1 0
 0 1 0
 0 1 0
 0 0 1
 0 0 1
 0 0 1
 1 0 0
 1 0 0
 1 0 0
 0 1 0
 0 1 0
 0 1 0
 0 0 1
 0 0 1
 0 0 1
 1 0 0
 1 0 0
 1 0 0
 0 1 0
 0 1 0
 0 1 0
 0 0 1
 0 0 1
 0 0 1
 1 0 0
 1 0 0
 1 0 0
 0 1 0
 0 1 0
 0 1 0
 0 0 1
 0 0 1
 0 0 1
 1 0 0
 1 0 0
 1 0 0
 0 1 0
 0 1 0
 0 1 0
 0 0 1
 0 0 1
 0 0 1
 1 0 0
 1 0 0
 1 0 0
 0 1 0
 0 1 0
 0 1 0
 0 0 1
 0 0 1
 0 0 1
 1 0 0
 1 0 0
 1 0 0
 0 1 0
 0 1 0
 0 1 0
 0 0 1
 0 0 1
 0 0 1
 1 0 0
 1 0 0
 1 0 0
 0 1 0
 0 1 0
 0 1 0
 0 0 1
 0 0 1
 0 0 1
 1 0 0
 1 0 0
 1 0 0
 0 1 0
 0 1 0
 0 1 0
 0 0 1
 0 0 1
 0 0 1
 1 0 0
 1 0 0
 1 0 0
 0 1 0
 0 1 0
 0 1 0
 0 0 1
 0 0 1
 0 0 1
 1 0 0
 1 0 0
 1 0 0
 0 1 0
 0 1 0
 0 1 0
 0 0 1
 0 0 1
 0 0 1
 1 0 0
 1 0 0
 1 0 0
 0 1 0
 0 1 0
 0 1 0
 0 0 1
 0 0 1
 0 0 1
 1 0 0
 1 0 0
 1 0 0
 0 1 0
 0 1 0
 0 1 0
 0 0 1
 0 0 1
 0 0 1
 1 0 0
 1 0 0
 1 0 0
 0 1 0
 0 1 0
 0 1 0
 0 0 1
 0 0 1
 0 0 1
 1 0 0
 1 0 0
 1 0 0
 0 1 0
 0 1 0
 0 1 0
 0 0 1
 0 0 1
 0 0 1
 1 0 0
 1 0 0
 1 0 0
 0 1 0
 0 1 0
 0 1 0
 0 0 1
 0 0 1
 0 0 1
 1 0 0
 1 0 0
 1 0 0
 0 1 0
 0 1 0
 0 1 0
 0 0 1
 0 0 1
 0 0 1
 1 0 0
 1 0 0
 1 0 0
 0 1 0
 0 1 0
 0 1 0
 0 0 1
 0 0 1
 0 0 1
 1 0 0
 1 0 0
 1 0 0
 0 1 0
 0 1 0
 0 1 0
 0 0 1
 0 0 1
 0 0 1
 1 0 0
 1 0 0
 1 0 0
 0 1 0
 0 1 0
 0 1 0
 0 0 1
 0 0 1
 0 0 1
 1 0 0
 1 0 0
 1 0 0
 0 1 0
 0 1 0
 0 1 0
 0 0 1
 0 0 1
 0 0 1
 1 0 0
 1 0 0
 1 0 0
 0 1 0
 0 1 0
 0 1 0
 0 0 1
 0 0 1
 0 0 1
 1 0 0
 1 0 0
 1 0 0
 0 1 0
 0 1 0
 0 1 0
 0 0 1
 0 0 1
 0 0 1
 1 0 0
 1 0 0
 1 0 0
 0 1 0
 0 1 0
 0 1 0
 0 0 1
 0 0 1
 0 0 1
 