# Created by Octave 5.2.0, Mon Jul 06 13:21:40 2020 EDT <HomeFolder@Davids-MacBook-Pro-2.local>
# name: allDluFaces
# type: matrix
# rows: 744
# columns: 8
 119 139 146 188 140 143 162 196
 120 189 211 146 180 149 163 192
 243 208 133 146 132 160 165 189
 121 105 127 173 130 129 169 191
 117 114 183 127 169 137 164 193
 158 154 134 112 118 135 177 193
 129 196 137 112 103 116 182 191
 131 136 172 122 108 99 187 192
 119 102 113 134 121 118 190 187
 109 130 129 146 129 127 198 185
 112 154 139 141 138 137 200 186
 122 162 146 151 142 138 205 180
 137 175 156 152 142 137 205 176
 151 188 157 153 152 147 212 174
 158 198 131 152 152 153 209 175
 133 185 165 151 156 152 213 169
 160 187 166 152 151 151 213 167
 163 187 170 148 150 150 214 162
 160 184 163 148 149 146 217 158
 165 184 162 145 145 147 220 155
 161 182 164 145 144 147 223 159
 162 171 157 144 142 140 225 169
 165 174 167 141 144 143 230 180
 161 169 163 146 140 138 231 183
 160 130 136 185 142 145 160 197
 120 246 208 148 180 157 160 196
 240 209 136 154 132 157 164 189
 123 107 134 166 133 133 169 192
 116 173 132 139 155 138 174 185
 206 171 141 119 117 153 173 187
 111 141 135 115 111 125 181 187
 124 253 153 125 108 108 185 188
 162 87 113 135 119 118 189 188
 120 138 135 138 129 121 194 182
 116 157 143 145 138 138 197 185
 129 175 152 123 142 142 198 172
 140 181 160 153 119 147 204 175
 149 185 161 162 157 128 205 179
 151 193 137 156 158 157 211 163
 147 189 168 157 159 157 210 164
 159 190 170 163 156 159 215 166
 164 191 167 159 158 161 213 167
 165 184 169 161 154 148 217 164
 166 179 167 156 156 154 218 165
 162 180 163 161 154 152 217 166
 160 173 168 159 155 158 223 170
 161 174 168 159 155 156 228 181
 168 172 168 158 158 159 231 186
 139 199 135 180 145 158 158 194
 172 255 201 149 168 157 155 195
 245 203 138 161 130 149 165 194
 126 107 128 142 150 132 169 191
 118 142 143 171 134 140 166 189
 158 135 132 124 157 152 171 191
 119 154 140 119 115 105 178 189
 126 248 194 124 113 110 184 186
 162 98 114 136 125 121 186 186
 120 147 135 140 136 136 191 182
 117 168 146 152 142 144 194 180
 134 182 151 126 149 146 197 179
 142 184 161 159 121 147 203 173
 153 188 163 168 159 134 205 168
 155 194 137 165 161 157 208 165
 150 186 169 164 159 160 210 170
 163 187 169 160 161 160 211 167
 164 185 175 160 160 156 212 158
 169 183 168 164 159 160 215 153
 164 185 169 162 156 161 217 161
 166 186 168 165 158 156 219 161
 164 178 165 161 158 163 222 167
 161 174 165 164 160 156 227 183
 165 175 171 159 160 160 228 179
 130 163 133 174 156 155 155 193
 157 254 194 145 164 178 161 188
 244 212 141 149 129 151 163 193
 125 109 122 145 131 121 172 189
 118 140 149 146 131 134 171 188
 120 136 139 123 174 138 169 183
 145 147 135 116 117 162 176 188
 118 248 191 130 122 114 181 181
 151 101 117 141 129 131 187 179
 125 157 136 147 140 140 190 176
 117 177 153 155 151 144 194 172
 140 183 157 131 154 151 197 171
 146 189 162 160 128 155 200 172
 152 191 165 170 168 151 203 170
 159 199 139 171 165 167 209 162
 152 189 175 164 164 166 207 156
 169 190 174 165 163 166 209 161
 167 183 171 165 164 162 214 158
 166 189 170 167 161 161 213 157
 166 188 170 165 161 161 215 153
 162 183 166 162 161 158 218 157
 165 180 165 160 163 158 222 166
 164 176 188 167 160 162 223 180
 166 172 194 163 160 159 227 183
 124 146 163 172 167 142 151 191
 144 254 192 145 162 221 160 190
 245 155 124 165 126 139 163 188
 123 100 119 137 133 112 161 188
 122 153 145 143 129 136 168 182
 121 154 135 138 154 136 174 188
 116 147 138 122 125 170 173 190
 127 243 186 133 123 115 184 183
 149 111 120 140 135 133 188 171
 123 165 145 152 156 145 191 173
 118 183 159 160 152 154 197 170
 142 186 164 133 157 165 193 166
 152 195 165 164 129 156 205 167
 157 195 173 172 172 154 202 163
 163 202 140 173 173 168 206 162
 161 194 172 168 167 168 208 161
 170 194 174 167 169 167 210 153
 170 191 173 164 166 162 212 158
 167 194 170 165 163 166 214 154
 166 191 170 165 161 162 214 148
 165 187 170 166 160 163 218 154
 167 178 173 163 161 156 219 163
 165 177 192 165 162 163 224 182
 131 174 156 168 165 163 226 184
 116 132 137 170 157 133 162 190
 139 254 187 143 157 217 157 192
 243 106 131 148 127 135 157 191
 121 111 110 143 129 108 163 191
 115 175 142 154 132 132 166 187
 123 193 154 135 137 135 174 189
 121 186 142 121 129 147 175 189
 123 236 185 135 127 110 180 178
 171 113 126 153 141 136 172 171
 126 172 146 157 154 149 172 170
 121 190 158 160 157 160 87 160
 142 198 170 140 163 157 113 159
 156 200 171 168 129 166 149 140
 164 203 177 174 173 160 96 154
 164 210 141 176 175 171 179 138
 151 199 178 172 168 167 205 157
 173 199 175 169 171 165 209 157
 173 195 180 167 170 165 210 157
 166 193 171 170 163 164 212 155
 166 191 174 163 167 164 214 154
 165 194 171 164 161 161 218 157
 166 187 172 165 163 163 219 166
 164 181 194 169 168 163 224 186
 136 191 213 169 166 168 226 178
 126 115 132 167 160 129 158 190
 133 254 177 142 151 213 157 190
 245 119 125 145 126 134 160 185
 121 116 109 132 132 112 161 188
 121 199 154 157 130 130 167 193
 158 136 138 134 144 137 176 188
 154 151 140 123 127 182 179 178
 132 227 181 142 130 118 180 169
 161 118 129 152 146 140 55 98
 125 176 147 157 155 153 13 44
 133 195 162 169 167 164 39 30
 143 199 169 143 168 166 17 22
 158 202 172 180 135 166 12 26
 170 207 178 178 178 172 42 36
 165 218 149 178 177 177 32 41
 159 205 180 174 176 176 53 43
 170 201 180 176 173 172 196 99
 175 200 178 174 175 169 211 147
 172 199 178 166 169 169 212 155
 168 192 170 171 164 165 214 154
 160 190 169 167 164 160 215 157
 162 192 173 168 165 166 219 161
 163 173 196 169 164 160 224 180
 138 189 222 170 165 165 225 178
 174 184 130 162 154 130 156 188
 128 253 155 143 149 207 157 182
 247 150 129 146 123 128 165 185
 123 90 112 143 137 121 157 188
 122 222 153 145 134 136 165 182
 107 153 136 135 144 136 165 185
 129 170 160 122 133 175 170 172
 125 223 183 143 132 123 42 110
 152 91 128 159 145 144 8 34
 138 41 153 167 160 158 9 24
 134 45 168 172 170 168 8 14
 155 193 174 137 173 170 10 9
 164 80 178 179 139 170 8 8
 174 194 183 178 184 178 6 15
 172 104 147 174 181 177 10 10
 168 186 184 173 179 179 26 18
 176 206 182 172 180 175 48 19
 171 207 180 171 177 171 129 37
 177 201 175 196 177 170 213 133
 167 192 173 198 189 168 213 142
 163 190 169 202 190 183 217 158
 165 191 173 200 191 190 217 164
 165 176 194 197 191 201 221 172
 134 194 208 196 175 198 223 175
 138 167 129 162 169 129 151 188
 123 232 149 145 148 195 157 185
 249 163 132 150 124 132 161 184
 137 95 114 130 130 123 165 186
 125 201 148 159 146 131 164 189
 130 180 150 137 142 134 166 190
 134 158 144 130 134 174 162 170
 147 24 182 143 135 124 20 59
 151 24 132 153 156 147 10 20
 115 27 152 159 168 157 6 17
 138 16 167 167 173 169 6 4
 156 10 177 146 181 173 1 14
 165 34 183 183 146 173 1 11
 178 30 185 179 189 176 2 9
 176 23 149 181 186 182 14 13
 169 2 184 180 184 176 11 24
 177 6 180 183 178 176 55 18
 178 200 177 172 179 175 33 22
 178 200 180 200 173 169 57 20
 169 198 176 211 194 168 213 134
 165 198 173 209 174 191 213 157
 165 194 167 208 146 196 215 157
 165 184 195 207 161 158 220 159
 143 176 215 213 185 146 221 181
 125 147 133 158 218 127 142 188
 98 225 156 141 149 192 154 185
 244 171 138 127 123 132 155 187
 151 95 114 142 152 124 156 182
 128 136 158 163 144 132 157 193
 140 160 142 135 170 140 165 187
 186 20 170 129 131 169 96 174
 137 8 183 144 138 123 14 27
 26 7 137 162 158 149 1 20
 16 12 21 167 169 166 14 35
 19 11 24 79 181 173 14 21
 140 22 32 37 181 175 30 14
 164 34 29 39 146 168 40 7
 180 12 27 165 189 184 11 35
 180 8 36 132 191 183 26 15
 168 6 188 155 185 174 3 9
 182 22 187 180 184 177 9 9
 180 5 186 179 178 178 49 16
 175 203 179 202 178 178 54 21
 169 199 177 211 203 166 207 47
 162 199 173 212 213 188 210 153
 165 195 173 211 217 216 214 155
 166 185 192 202 213 211 216 163
 130 195 210 188 215 211 220 172
 127 144 163 154 176 126 144 193
 117 220 162 142 137 187 151 195
