# Created by Octave 5.2.0, Thu Jul 02 21:13:36 2020 EDT <HomeFolder@Davids-MacBook-Pro-2.local>
# name: allDluFaces
# type: matrix
# rows: 744
# columns: 6
 119 139 146 188 140 143
 120 189 211 146 180 149
 243 208 133 146 132 160
 121 105 127 173 130 129
 117 114 183 127 169 137
 158 154 134 112 118 135
 129 196 137 112 103 116
 131 136 172 122 108 99
 119 102 113 134 121 118
 109 130 129 146 129 127
 112 154 139 141 138 137
 122 162 146 151 142 138
 137 175 156 152 142 137
 151 188 157 153 152 147
 158 198 131 152 152 153
 133 185 165 151 156 152
 160 187 166 152 151 151
 163 187 170 148 150 150
 160 184 163 148 149 146
 165 184 162 145 145 147
 161 182 164 145 144 147
 162 171 157 144 142 140
 165 174 167 141 144 143
 161 169 163 146 140 138
 160 130 136 185 142 145
 120 246 208 148 180 157
 240 209 136 154 132 157
 123 107 134 166 133 133
 116 173 132 139 155 138
 206 171 141 119 117 153
 111 141 135 115 111 125
 124 253 153 125 108 108
 162 87 113 135 119 118
 120 138 135 138 129 121
 116 157 143 145 138 138
 129 175 152 123 142 142
 140 181 160 153 119 147
 149 185 161 162 157 128
 151 193 137 156 158 157
 147 189 168 157 159 157
 159 190 170 163 156 159
 164 191 167 159 158 161
 165 184 169 161 154 148
 166 179 167 156 156 154
 162 180 163 161 154 152
 160 173 168 159 155 158
 161 174 168 159 155 156
 168 172 168 158 158 159
 139 199 135 180 145 158
 172 255 201 149 168 157
 245 203 138 161 130 149
 126 107 128 142 150 132
 118 142 143 171 134 140
 158 135 132 124 157 152
 119 154 140 119 115 105
 126 248 194 124 113 110
 162 98 114 136 125 121
 120 147 135 140 136 136
 117 168 146 152 142 144
 134 182 151 126 149 146
 142 184 161 159 121 147
 153 188 163 168 159 134
 155 194 137 165 161 157
 150 186 169 164 159 160
 163 187 169 160 161 160
 164 185 175 160 160 156
 169 183 168 164 159 160
 164 185 169 162 156 161
 166 186 168 165 158 156
 164 178 165 161 158 163
 161 174 165 164 160 156
 165 175 171 159 160 160
 130 163 133 174 156 155
 157 254 194 145 164 178
 244 212 141 149 129 151
 125 109 122 145 131 121
 118 140 149 146 131 134
 120 136 139 123 174 138
 145 147 135 116 117 162
 118 248 191 130 122 114
 151 101 117 141 129 131
 125 157 136 147 140 140
 117 177 153 155 151 144
 140 183 157 131 154 151
 146 189 162 160 128 155
 152 191 165 170 168 151
 159 199 139 171 165 167
 152 189 175 164 164 166
 169 190 174 165 163 166
 167 183 171 165 164 162
 166 189 170 167 161 161
 166 188 170 165 161 161
 162 183 166 162 161 158
 165 180 165 160 163 158
 164 176 188 167 160 162
 166 172 194 163 160 159
 124 146 163 172 167 142
 144 254 192 145 162 221
 245 155 124 165 126 139
 123 100 119 137 133 112
 122 153 145 143 129 136
 121 154 135 138 154 136
 116 147 138 122 125 170
 127 243 186 133 123 115
 149 111 120 140 135 133
 123 165 145 152 156 145
 118 183 159 160 152 154
 142 186 164 133 157 165
 152 195 165 164 129 156
 157 195 173 172 172 154
 163 202 140 173 173 168
 161 194 172 168 167 168
 170 194 174 167 169 167
 170 191 173 164 166 162
 167 194 170 165 163 166
 166 191 170 165 161 162
 165 187 170 166 160 163
 167 178 173 163 161 156
 165 177 192 165 162 163
 131 174 156 168 165 163
 116 132 137 170 157 133
 139 254 187 143 157 217
 243 106 131 148 127 135
 121 111 110 143 129 108
 115 175 142 154 132 132
 123 193 154 135 137 135
 121 186 142 121 129 147
 123 236 185 135 127 110
 171 113 126 153 141 136
 126 172 146 157 154 149
 121 190 158 160 157 160
 142 198 170 140 163 157
 156 200 171 168 129 166
 164 203 177 174 173 160
 164 210 141 176 175 171
 151 199 178 172 168 167
 173 199 175 169 171 165
 173 195 180 167 170 165
 166 193 171 170 163 164
 166 191 174 163 167 164
 165 194 171 164 161 161
 166 187 172 165 163 163
 164 181 194 169 168 163
 136 191 213 169 166 168
 126 115 132 167 160 129
 133 254 177 142 151 213
 245 119 125 145 126 134
 121 116 109 132 132 112
 121 199 154 157 130 130
 158 136 138 134 144 137
 154 151 140 123 127 182
 132 227 181 142 130 118
 161 118 129 152 146 140
 125 176 147 157 155 153
 133 195 162 169 167 164
 143 199 169 143 168 166
 158 202 172 180 135 166
 170 207 178 178 178 172
 165 218 149 178 177 177
 159 205 180 174 176 176
 170 201 180 176 173 172
 175 200 178 174 175 169
 172 199 178 166 169 169
 168 192 170 171 164 165
 160 190 169 167 164 160
 162 192 173 168 165 166
 163 173 196 169 164 160
 138 189 222 170 165 165
 174 184 130 162 154 130
 128 253 155 143 149 207
 247 150 129 146 123 128
 123 90 112 143 137 121
 122 222 153 145 134 136
 107 153 136 135 144 136
 129 170 160 122 133 175
 125 223 183 143 132 123
 152 91 128 159 145 144
 138 41 153 167 160 158
 134 45 168 172 170 168
 155 193 174 137 173 170
 164 80 178 179 139 170
 174 194 183 178 184 178
 172 104 147 174 181 177
 168 186 184 173 179 179
 176 206 182 172 180 175
 171 207 180 171 177 171
 177 201 175 196 177 170
 167 192 173 198 189 168
 163 190 169 202 190 183
 165 191 173 200 191 190
 165 176 194 197 191 201
 134 194 208 196 175 198
 138 167 129 162 169 129
 123 232 149 145 148 195
 249 163 132 150 124 132
 137 95 114 130 130 123
 125 201 148 159 146 131
 130 180 150 137 142 134
 134 158 144 130 134 174
 147 24 182 143 135 124
 151 24 132 153 156 147
 115 27 152 159 168 157
 138 16 167 167 173 169
 156 10 177 146 181 173
 165 34 183 183 146 173
 178 30 185 179 189 176
 176 23 149 181 186 182
 169 2 184 180 184 176
 177 6 180 183 178 176
 178 200 177 172 179 175
 178 200 180 200 173 169
 169 198 176 211 194 168
 165 198 173 209 174 191
 165 194 167 208 146 196
 165 184 195 207 161 158
 143 176 215 213 185 146
 125 147 133 158 218 127
 98 225 156 141 149 192
 244 171 138 127 123 132
 151 95 114 142 152 124
 128 136 158 163 144 132
 140 160 142 135 170 140
 186 20 170 129 131 169
 137 8 183 144 138 123
 26 7 137 162 158 149
 16 12 21 167 169 166
 19 11 24 79 181 173
 140 22 32 37 181 175
 164 34 29 39 146 168
 180 12 27 165 189 184
 180 8 36 132 191 183
 168 6 188 155 185 174
 182 22 187 180 184 177
 180 5 186 179 178 178
 175 203 179 202 178 178
 169 199 177 211 203 166
 162 199 173 212 213 188
 165 195 173 211 217 216
 166 185 192 202 213 211
 130 195 210 188 215 211
 127 144 163 154 176 126
 117 220 162 142 137 187
 206 146 139 135 116 127
 155 95 110 132 124 123
 129 135 134 157 155 145
 158 123 141 135 176 133
 142 27 142 128 127 165
 9 5 172 148 139 126
 4 31 8 156 157 152
 1 91 7 11 86 164
 1 122 8 18 18 105
 6 109 12 15 35 32
 9 120 23 10 87 31
 26 97 12 14 31 45
 181 68 20 18 25 176
 175 5 41 26 56 179
 178 7 176 49 186 182
 180 7 183 174 177 177
 174 144 180 201 177 178
 172 202 175 191 204 173
 168 196 172 202 217 195
 165 198 174 209 195 220
 163 184 196 211 193 209
 138 196 206 194 197 193
 126 147 149 152 185 148
 190 219 161 141 135 158
 193 126 141 149 114 127
 154 96 111 143 129 122
 135 147 140 158 133 129
 175 159 149 138 185 148
 34 21 165 133 121 166
 9 25 16 153 140 123
 4 116 7 16 97 26
 58 120 36 27 7 23
 81 132 69 8 6 19
 60 131 75 16 15 14
 0 124 74 51 23 28
 2 124 41 26 10 21
 19 91 32 17 21 18
 182 67 27 27 30 23
 185 3 43 25 45 142
 176 10 187 139 187 180
 175 207 180 201 181 184
 171 207 183 208 201 174
 168 197 176 208 211 198
 165 196 181 203 196 213
 166 187 195 210 208 191
 136 188 201 204 204 206
 196 229 144 152 171 158
 182 218 164 138 131 148
 197 105 134 160 107 126
 159 116 110 131 142 126
 140 165 146 169 162 135
 143 131 188 136 193 141
 13 36 37 127 126 166
 13 84 4 8 140 43
 65 126 40 14 22 11
 109 132 80 13 16 60
 109 143 98 53 84 79
 116 139 93 91 97 63
 126 123 95 107 96 40
 28 129 83 85 77 21
 12 104 77 62 76 14
 177 86 11 58 11 29
 182 49 16 17 29 27
 177 16 190 24 132 57
 172 6 188 186 180 178
 172 199 180 205 204 178
 164 197 174 209 209 196
 165 195 179 206 199 204
 163 188 193 206 208 191
 134 192 199 203 202 208
 177 211 138 152 182 156
 169 214 159 139 128 147
 191 111 133 132 111 130
 164 115 118 134 124 123
 143 205 151 155 129 151
 10 57 142 140 186 154
 3 19 4 18 120 158
 70 118 13 3 8 11
 86 106 51 3 24 93
 114 76 95 27 68 99
 119 124 116 68 100 105
